0.0
1.8838582248853696e-15
0.00038835055771284876
0.012175918284225614
0.012250837644188474
0.0027189749770213044
0.0007079077888467929
0.003650606654364854
0.023088773059866563
0.05978600267419797
0.04929451911750038
0.0468905945731434
0.044070851723172176
0.04942088705879727
0.07300875466829615
0.10388355819220202
0.11127542016954978
0.28846362239682727
0.30434607640649175
0.3316165297307181
0.357401061588587
0.3873411757258141
0.4247119104659704
0.42628746267426487
0.4301174988453531
0.40434343977484566
0.39149736964963944
0.3908115676756709
0.39742659702998545
0.3994452454618648
0.40385266459457114
0.41189186189509275
0.42916566883222335
0.4414398473792829
0.44718306433921196
0.44981316069573873
0.4500468708999353
0.4505261920004184
0.4494220046701908
0.4477783083000467
0.44605513124868723
0.446051504534505
0.4456715040381248
0.44600777302537253
0.44601777794443687
0.44602790384368196
0.4460279038436802
0.4460279038436802
0.45074538342791903
0.4659756327256247
0.508155451660508
0.5390601402516246
0.5607049747786275
0.5727866803343414
0.5768429450223144
0.5940952879522399
0.6302712848649802
0.6855766043154594
0.7451848264296757
0.7569023421280971
0.7859032705655329
0.7816816919524929
0.8054395316837324
0.8424654383557614
0.8296104313544215
0.8320422068445719
0.8508795604305157
0.881602404442885
0.9106695008323056
0.937560566390911
0.9650220829317118
0.964103570417558
0.9505921689041359
0.9442536468829943
0.9550337898445508
0.954152389533284
0.9700709374381578
0.9679779775767352
0.9668845379230789
0.9676905814835983
0.9694947369028745
0.9589067106846787
0.9614024254466118
0.9681262280302436
0.9843736269956127
0.9842418398667304
0.9880861733204596
0.9957024297064263
1.0118180473505085
1.0139154360451905
1.0152142422150356
1.0195462303869047
1.0229318305574853
1.0256407196159127
1.035342043657493
1.0419808263591928
1.0596150665453148
1.0535855703652854
1.0452894642581985
1.0433071962461353
1.045790989306008
1.0477370468386262
1.0565031938558556
1.070274961498529
1.0741112274751299
1.078738643201342
1.0868618881594072
1.0939974999608075
1.0941415588709853
1.0972054380542131
1.0998402430305423
1.1058399815508615
1.1123643589069425
1.125353758502091
1.1399105551099562
1.154196425026559
1.168489791912715
1.1826634896952646
1.1988370642581487
1.200771223673815
1.208747050046918
1.2135293501931006
1.229580959906732
1.2308806470740694
1.2365205305454814
1.2425963724537195
1.2494844284346371
1.2565359989294191
1.2693219478300795
1.2813049727080543
1.284180415361112
1.286799548244463
1.2911180527978456
1.2933703238145404
1.2912768846485083
1.2913008131011066
1.2967557264526666
1.2976666228668587
1.2986869937097423
1.300611103201795
1.307109003436806
1.313713799222024
1.3249420315876792
1.3386398100855046
1.355364684708112
1.3601465312276313
1.3646805951885554
1.3660710386989259
1.3584900407010412
1.3614718730170674
1.3633668187320764
1.363881847801371
1.3646949137885742
1.3666570228146444
1.3728982087174657
1.3725813923425392
1.3730431560186345
1.374219463422793
1.3783112210760633
1.3836467793576337
1.3843907744563304
1.3842567930327787
1.3835266256805876
1.3840947695363666
1.3825965765205028
1.3830893885904443
1.383189464106981
1.383069500547974
1.3823398799943376
1.382390699372496
1.3816987555935267
1.3819981816460989
1.3824985861715366
1.382752448489751
1.382862372652494
1.3828148010212158
1.3829179059513081
1.383019640557287
1.383208950306258
1.3834660531074188
1.3837942048711915
1.3839686520744476
1.384507944923056
1.384604122700222
1.3847975892383118
1.3852097540856587
1.3855150461475216
1.3858351390145873
1.385852122455043
1.385895524899587
1.3858603354261954
1.3858543187608579
1.3858694838538956
1.3858889679089272
1.3859346978691063
1.385967121884223
1.3860091449431717
1.3860335251259057
1.386036460504909
1.3860012586562571
1.385866475824242
1.3857048428805319
1.3854726866581042
1.385400806545559
1.3853749012184058
1.3853781800163687
1.3853821150281278
1.3853918551547482
1.38540768587875
1.3854342952462226
1.3854658627735073
1.3854723846024772
1.3854613935497675
1.3854561388238236
1.38545613686227
