0.9782355900107487
0.9122304172345241
0.8790250272883275
0.7847387072667918
0.6984618492923195
0.6416859415795388
0.6148761456408176
0.5673154047602588
0.4912585399281326
0.42426806179282006
0.39906829883117545
0.3671525988783172
0.3522528454618954
0.3427442279074024
0.33421617691629757
0.32947673250402815
0.32700171074292045
0.3087994211799817
0.3064790568968205
0.3038595092521796
0.29945450554277425
0.2927985484288648
0.28686924989942186
0.2774968544076865
0.26083373734403
0.23729034476185318
0.23300900113811907
0.23034306842910796
0.22792853728646323
0.22718871265895968
0.2268289716570705
0.22640033627673706
0.2259401975019869
0.22565631779026413
0.2255027816032643
0.2253171284727551
0.2251370913841344
0.22506357705170627
0.22502090792063933
0.22499133281388634
0.22497171003499356
0.22496722025889426
0.2249667116098047
0.22496650466325285
0.2249665027271559
0.2249665026108495
0.22496650261086198
0.22496650261086198
0.20386437775694644
0.1935024027765278
0.17852386781885432
0.16379065378284186
0.14795885086710947
0.13764668636808997
0.12717417469586506
0.11772624332607529
0.10821185301496056
0.09627836438627907
0.08414751650509983
0.07878568593823138
0.07443117898990842
0.06799456782252583
0.062471584547245274
0.058788625238234915
0.055362774573519236
0.051245346212413945
0.04815998951409861
0.04498225782862181
0.04126591099400767
0.03774250943952745
0.03576886186004541
0.03301545646986476
0.03004238984759483
0.028905694315601305
0.02726886336403994
0.02560158663635914
0.024035978749834763
0.022924871926875645
0.021700295835053174
0.020682788578082645
0.01920899380370611
0.017859249784447362
0.017360325348883376
0.01681167819412982
0.016493259408205785
0.016141170749316036
0.015693632716908934
0.015164084976586445
0.014655583282593032
0.014168046068722295
0.013741127222102079
0.01334522946936817
0.012989406967561457
0.012594379039807313
0.012056900410405191
0.011417615905502054
0.011055975322828593
0.010648858577202491
0.010318091873849744
0.009910693650899083
0.00958227242613413
0.009317865892299104
0.009026404357792783
0.008695160515828027
0.008322937524971097
0.007978772392672806
0.007633900244573999
0.007502470662549943
0.007416199941349011
0.007308438482167279
0.0072160581789891265
0.007123150249948029
0.0070374811237336465
0.006917030865013163
0.006774727521960733
0.006633731633293283
0.006529805017167156
0.006416846925264008
0.006309270064783712
0.006231793067181635
0.006127930434254247
0.005994486766229434
0.0058400707137248875
0.005662628120249313
0.005490012631406638
0.005319527205462304
0.0052044007997304464
0.005041036112730657
0.004835027281898996
0.0046358131996060425
0.004420795697530844
0.004229797852182748
0.003987943289012863
0.0037784764364127144
0.003593534746713589
0.0034049141047855502
0.00334410128724405
0.0032892360363138695
0.003220823802666528
0.003154155225679911
0.0030679910733046323
0.002947734083969089
0.0027734817882261176
0.002500517882408515
0.002150432031375882
0.0019205570868559008
0.0016627042808372017
0.0014527490566964563
0.0012839272979933147
0.0011054856366895516
0.0009127274661606122
0.0008655547197962132
0.0007866334256713681
0.0006913205910442644
0.0006658059398194638
0.0006268255820127688
0.0005727104516936588
0.0004952512707385726
0.0003838098929232481
0.00027629743254359296
0.0001690419059464654
0.00013536660106566734
0.0001120419031415687
9.649746519146962e-05
8.917450325635068e-05
8.060557367201016e-05
7.495165190257724e-05
6.887135843602898e-05
6.273382462074206e-05
5.8018294490258526e-05
5.617733185941942e-05
5.3947719073188516e-05
5.209267387401573e-05
5.028134780393767e-05
4.839090381109079e-05
4.671610648715463e-05
4.3866787108770566e-05
3.896765652189327e-05
3.129752850572487e-05
2.3839429689309632e-05
2.000997787776626e-05
1.6992407784632846e-05
1.5293694091200738e-05
1.3638601635168612e-05
1.1257261508801353e-05
8.866941406004969e-06
7.0834395785035476e-06
6.085075355044545e-06
5.736615273310708e-06
5.467978948736629e-06
5.136295041896499e-06
4.805065810575826e-06
4.497003363745922e-06
4.1704505555073546e-06
3.8077046026208095e-06
3.389175582124704e-06
2.897138316193537e-06
2.275096586235037e-06
1.5950612820003762e-06
1.0238010826890687e-06
6.194083710941989e-07
3.323976402458406e-07
1.7461425944054199e-07
1.1368694718960626e-07
9.539305878547566e-08
8.998250083935844e-08
8.491462549775619e-08
7.660417850052781e-08
6.272061975343135e-08
4.0551387081588786e-08
1.4542764215086379e-08
3.9974368259976245e-09
3.502427237123129e-10
6.443057198879387e-11
6.44085895729063e-11
