0.19159663451046083
0.2618956273131726
0.22964520785931544
0.2622138114656121
0.34565411787038164
0.3392220961007515
0.3683802882183077
0.40227719864785866
0.4420936844731444
0.48225380264754963
0.4842482818210009
0.5026423040670673
0.5087873127813216
0.5212091955296345
0.5143093528386415
0.5110990367027214
0.5132735479681785
0.5503625854361764
0.5548836946552771
0.5588374187919356
0.5619519175523819
0.5654807161266754
0.5690416742981185
0.5766389585651859
0.5849452962679411
0.5857758626678129
0.5889018743496287
0.5851809992295868
0.5912296520051123
0.5939849767513586
0.5936849395295254
0.5948547582699155
0.5974769644755336
0.5985124878188433
0.5990062081545524
0.598744458806695
0.5969362965631378
0.5957228801306036
0.5949340042006902
0.5945768220704629
0.5940087638651136
0.5940785541781772
0.5939102330989696
0.5940163185122673
0.5940204642383907
0.5940218424289341
0.5940218425265066
0.5940218425265066
0.6099770505095556
0.6216714474565186
0.6223440986046124
0.6362749540850339
0.6444553934379211
0.6544159704025934
0.6494591233471927
0.6646273445688804
0.6664833824622228
0.6805050402184936
0.6951100278815023
0.6910912391833015
0.6924812171786923
0.7010062890379076
0.6986957354912218
0.6939566654072621
0.6967136775867093
0.7046992679031757
0.7072354250402046
0.7091843757882078
0.7074344934196302
0.7038706431525341
0.6963930481025726
0.6996616853985897
0.7032032329086733
0.7148276204180537
0.713611881756429
0.7106904272680532
0.7126787624678357
0.710706359061538
0.7161625389002932
0.7177648615895635
0.7208346874479657
0.7224516601841645
0.7250492615977195
0.7253782841870197
0.7283719674168745
0.7294392471153657
0.7345841659317681
0.7415457551495626
0.7506257218228352
0.7529899612352977
0.7549819310875858
0.7585570960677874
0.7649133004367387
0.7665865556848621
0.7732456559883547
0.7771306981444457
0.7829003799529292
0.7824484492401431
0.782790852803434
0.784374800338135
0.7888802697183669
0.7920076376204096
0.793558813680891
0.7984696326547455
0.8005459996798924
0.8043321736439208
0.812051294721629
0.8170074985532538
0.8171052053490576
0.8190947327478086
0.8212079436199888
0.8251754447419547
0.8287799958240493
0.8358827281211368
0.8441398819263723
0.8511798691058967
0.8600433602489457
0.8689250192897069
0.8804224919681818
0.8830229090715636
0.8884474978943013
0.8914995874842424
0.9000758085004529
0.8999667047814814
0.9068606870268237
0.9119501128223426
0.9178023423008556
0.9230308141116983
0.9319507454053533
0.940354004588406
0.9461740332376948
0.9478156259366188
0.9539893935343641
0.9579334420661298
0.9610439906544328
0.9627502810074786
0.9645118722884545
0.965213866439985
0.9660136859578987
0.9673823516303195
0.9678034650229004
0.9706112893260297
0.9737433780212481
0.9782429055826078
0.9834647546468829
0.987151537104778
0.9893966686512183
0.9917191650926116
0.9923468970889395
0.9925170926977525
0.9938601976033626
0.994674902370228
0.9948082200745683
0.9950404976963197
0.9958420353330613
0.9958174021008284
0.9959558402341162
0.9963887910791216
0.9974972912803928
0.9985211081947212
0.9989445579864917
0.9991799709114471
0.9990942004211587
0.9992149943891004
0.9992503777594579
0.9992800003630039
0.9992973438994563
0.9993420908364534
0.9994021003938462
0.9994727373270669
0.9995022294744607
0.9995270211799048
0.9995519574945201
0.9995881637765818
0.999629864873114
0.999656414912693
0.9996815308608626
0.9997123676095866
0.9997457420954041
0.9997620499443939
0.9997793485408504
0.9998166416101906
0.9998477762457609
0.9998658992668743
0.9998906529307531
0.9999097726034648
0.9999218699149961
0.9999265041007157
0.9999280002601465
0.9999293440231745
0.9999290333758506
0.9999306294389588
0.9999315746051816
0.9999348745719223
0.999941265589628
0.9999509133207221
0.9999632124661838
0.9999768183036126
0.9999884282154492
0.9999950729363585
0.9999976994878945
0.9999987014894792
0.9999988357985832
0.9999987831380257
0.9999988923318686
0.9999990026887835
0.9999991068013041
0.9999992525666452
0.999999451149092
0.9999997156652745
0.999999937599255
0.9999999858154572
0.9999999982459451
0.9999999997652474
0.9999999997653021
